# [Ca]_0	Values[AMPAR_bar]	Values[CaMKII_active_ratio]	Values[CaMKIIp_bar]	Values[Dp_bar]	Values[PP1a_bar]	Values[PP2B_bar]	
4e-10	0.300861	0.0518783	0.00850777	0.999646	0.115691	2.13706e-05	
4.18724e-10	0.300997	0.05204	0.00858008	0.999599	0.115987	2.49752e-05	
4.38324e-10	0.301135	0.0522098	0.00865635	0.999545	0.1163	2.91621e-05	
4.58841e-10	0.301274	0.0523882	0.00873684	0.999482	0.116632	3.40207e-05	
4.80319e-10	0.301414	0.0525758	0.00882179	0.999409	0.116983	3.96528e-05	
5.02803e-10	0.301554	0.0527728	0.00891148	0.999324	0.117354	4.61748e-05	
5.26339e-10	0.301693	0.05298	0.00900619	0.999226	0.117748	5.37194e-05	
5.50976e-10	0.301831	0.0531978	0.00910625	0.999112	0.118166	6.24378e-05	
5.76767e-10	0.301967	0.0534268	0.00921199	0.998981	0.11861	7.25018e-05	
6.03765e-10	0.302099	0.0536676	0.00932376	0.99883	0.11908	8.41067e-05	
6.32027e-10	0.302225	0.0539209	0.00944194	0.998656	0.119581	9.74738e-05	
6.61611e-10	0.302346	0.0541874	0.00956695	0.998455	0.120113	0.000112854	
6.92581e-10	0.302458	0.0544678	0.00969921	0.998224	0.12068	0.000130532	
7.25e-10	0.302561	0.0547629	0.0098392	0.997959	0.121283	0.000150827	
7.58937e-10	0.302652	0.0550735	0.0099874	0.997655	0.121926	0.000174102	
7.94462e-10	0.302728	0.0554005	0.0101444	0.997306	0.122612	0.000200765	
8.3165e-10	0.302787	0.0557448	0.0103106	0.996907	0.123345	0.000231275	
8.70579e-10	0.302826	0.0561074	0.0104868	0.99645	0.124128	0.000266149	
9.1133e-10	0.302841	0.0564893	0.0106736	0.995928	0.124965	0.000305967	
9.53989e-10	0.30283	0.0568917	0.0108716	0.995331	0.125861	0.000351377	
9.98645e-10	0.302787	0.0573157	0.0110816	0.994652	0.126821	0.000403109	
1.04539e-09	0.302709	0.0577626	0.0113044	0.993877	0.12785	0.000461975	
1.09432e-09	0.302591	0.0582335	0.0115407	0.992996	0.128954	0.000528885	
1.14555e-09	0.302426	0.05873	0.0117915	0.991994	0.130141	0.000604851	
1.19917e-09	0.30221	0.0592534	0.0120577	0.990857	0.131416	0.000691001	
1.2553e-09	0.301935	0.0598052	0.0123403	0.989567	0.132788	0.000788587	
1.31406e-09	0.301595	0.0603871	0.0126401	0.988106	0.134266	0.000898999	
1.37557e-09	0.301182	0.0610007	0.0129584	0.986451	0.135858	0.00102378	
1.43996e-09	0.300688	0.0616477	0.0132961	0.984581	0.137575	0.00116462	
1.50737e-09	0.300104	0.0623298	0.0136544	0.98247	0.139429	0.0013234	
1.57793e-09	0.299421	0.0630489	0.0140343	0.980088	0.141431	0.00150219	
1.65179e-09	0.298629	0.0638068	0.0144371	0.977406	0.143596	0.00170325	
1.72911e-09	0.297718	0.0646054	0.0148637	0.974388	0.145937	0.00192906	
1.81004e-09	0.296676	0.0654466	0.0153152	0.970997	0.148471	0.00218233	
1.89477e-09	0.295492	0.0663321	0.0157925	0.967194	0.151214	0.00246599	
1.98346e-09	0.294155	0.0672637	0.0162963	0.962933	0.154186	0.00278325	
2.07631e-09	0.292652	0.0682431	0.0168274	0.958167	0.157407	0.00313755	
2.1735e-09	0.290972	0.0692716	0.017386	0.952848	0.160898	0.00353261	
2.27524e-09	0.289102	0.0703504	0.0179721	0.94692	0.164683	0.00397241	
2.38174e-09	0.287031	0.0714806	0.0185854	0.940329	0.168786	0.00446119	
2.49323e-09	0.284748	0.0726625	0.019225	0.933018	0.173234	0.00500347	
2.60993e-09	0.282242	0.0738963	0.0198895	0.924928	0.178055	0.00560402	
2.7321e-09	0.279504	0.0751816	0.0205768	0.916004	0.183277	0.00626788	
2.85999e-09	0.276526	0.0765175	0.0212843	0.906188	0.188931	0.00700033	
2.99386e-09	0.273304	0.0779029	0.0220087	0.895432	0.19505	0.00780692	
3.13401e-09	0.269833	0.0793359	0.0227463	0.883689	0.201667	0.00869348	
3.28071e-09	0.266113	0.0808149	0.0234931	0.870925	0.208817	0.00966612	
3.43427e-09	0.262146	0.0823384	0.0242452	0.857115	0.216539	0.0107313	
3.59503e-09	0.257939	0.0839054	0.0249992	0.842247	0.224874	0.011896	
3.76331e-09	0.253501	0.0855164	0.0257533	0.826323	0.233867	0.0131676	
3.93947e-09	0.248848	0.0871739	0.0265075	0.809362	0.243571	0.0145542	
4.12387e-09	0.243997	0.0888827	0.0272644	0.791394	0.254046	0.0160649	
4.31691e-09	0.238971	0.0906516	0.0280309	0.772461	0.265362	0.0177096	
4.51898e-09	0.233797	0.092493	0.028818	0.752613	0.2776	0.0194997	
4.73051e-09	0.228508	0.0944247	0.0296423	0.731899	0.290858	0.021448	
4.95194e-09	0.223136	0.0964697	0.0305266	0.710363	0.305251	0.023569	
5.18373e-09	0.21772	0.0986583	0.0315018	0.688037	0.320918	0.0258787	
5.42638e-09	0.2123	0.101029	0.0326086	0.664927	0.338029	0.0283954	
5.68039e-09	0.206918	0.103634	0.0339026	0.641005	0.356799	0.031139	
5.94628e-09	0.201619	0.106545	0.0354622	0.616186	0.377517	0.0341313	
6.22462e-09	0.196452	0.109869	0.0374083	0.590299	0.400604	0.0373958	
6.51599e-09	0.191476	0.11379	0.0399494	0.562997	0.42676	0.0409568	
6.821e-09	0.186778	0.118696	0.0435295	0.533508	0.457424	0.044838	
7.14029e-09	0.182615	0.125922	0.0496936	0.499343	0.497351	0.049059	
7.47452e-09	0.468678	0.726275	0.71459	0.368833	0.880865	0.0357183	
7.82439e-09	0.468785	0.733733	0.722088	0.344038	0.889646	0.0384963	
8.19065e-09	0.468513	0.739941	0.728312	0.320055	0.898015	0.0415121	
8.57405e-09	0.468376	0.746125	0.734515	0.297429	0.905947	0.0447743	
8.97539e-09	0.468429	0.752415	0.740832	0.276235	0.913421	0.0483051	
9.39552e-09	0.46868	0.758832	0.747284	0.256478	0.920427	0.0521291	
9.83532e-09	0.469121	0.765367	0.753861	0.238128	0.926963	0.0562728	
1.02957e-08	0.469739	0.772003	0.760546	0.221141	0.933037	0.0607639	
1.07776e-08	0.47052	0.77872	0.767317	0.205456	0.93866	0.0656315	
1.12821e-08	0.471448	0.785496	0.774154	0.191009	0.943849	0.0709059	
1.18102e-08	0.472505	0.79231	0.781032	0.177729	0.948623	0.0766186	
1.23631e-08	0.473676	0.799142	0.787932	0.165543	0.953004	0.0828018	
1.29418e-08	0.474944	0.80597	0.794831	0.154379	0.957017	0.0894883	
1.35476e-08	0.476294	0.812776	0.80171	0.144163	0.960684	0.0967115	
1.41817e-08	0.477711	0.819543	0.808552	0.134826	0.96403	0.104505	
1.48456e-08	0.479184	0.826254	0.815338	0.126301	0.967079	0.112901	
1.55405e-08	0.480698	0.832895	0.822055	0.118524	0.969852	0.121932	
1.62679e-08	0.482243	0.839451	0.828687	0.111434	0.972374	0.131629	
1.70294e-08	0.483809	0.845911	0.835223	0.104975	0.974663	0.142021	
1.78265e-08	0.485386	0.852262	0.84165	0.0990938	0.976741	0.153134	
1.8661e-08	0.486966	0.858497	0.847958	0.0937405	0.978625	0.164991	
1.95345e-08	0.488541	0.864604	0.854138	0.0888696	0.980333	0.177612	
2.04489e-08	0.490105	0.870577	0.860182	0.0844388	0.981881	0.19101	
2.14061e-08	0.491652	0.876408	0.866083	0.0804093	0.983283	0.205196	
2.24081e-08	0.493177	0.882093	0.871835	0.0767452	0.984552	0.220173	
2.3457e-08	0.494676	0.887625	0.877433	0.0734136	0.985702	0.235936	
2.4555e-08	0.496144	0.893001	0.882872	0.0703845	0.986743	0.252475	
2.57044e-08	0.497578	0.898217	0.88815	0.0676303	0.987686	0.269771	
2.69076e-08	0.498977	0.903271	0.893264	0.0651259	0.98854	0.287799	
2.81671e-08	0.500337	0.908161	0.898211	0.0628484	0.989314	0.306522	
2.94856e-08	0.501657	0.912886	0.902991	0.060777	0.990015	0.325899	
3.08658e-08	0.502935	0.917446	0.907604	0.0588927	0.99065	0.345879	
3.23106e-08	0.50417	0.92184	0.912049	0.0571781	0.991226	0.366403	
3.3823e-08	0.505363	0.926069	0.916327	0.0556176	0.991749	0.387406	
3.54062e-08	0.506511	0.930135	0.920439	0.0541969	0.992223	0.408816	
3.70636e-08	0.507616	0.934038	0.924386	0.0529032	0.992653	0.430558	
3.87985e-08	0.508677	0.937781	0.928171	0.0517247	0.993044	0.452549	
4.06146e-08	0.509694	0.941366	0.931796	0.0506509	0.993399	0.474707	
4.25158e-08	0.510668	0.944795	0.935263	0.0496719	0.993722	0.496944	
4.45059e-08	0.511599	0.948071	0.938576	0.0487793	0.994016	0.519176	
4.65892e-08	0.512488	0.951198	0.941737	0.0479651	0.994283	0.541315	
4.877e-08	0.513335	0.954178	0.94475	0.0472221	0.994527	0.563279	
5.10529e-08	0.514142	0.957015	0.947618	0.0465439	0.994748	0.584987	
5.34426e-08	0.51491	0.959712	0.950345	0.0459247	0.99495	0.606361	
5.59442e-08	0.515639	0.962274	0.952934	0.0453591	0.995134	0.627331	
5.85629e-08	0.51633	0.964704	0.955391	0.0448424	0.995302	0.64783	
6.13042e-08	0.516985	0.967006	0.957717	0.0443702	0.995455	0.667798	
6.41738e-08	0.517604	0.969184	0.959919	0.0439387	0.995595	0.687184	
6.71778e-08	0.518189	0.971243	0.961999	0.0435441	0.995722	0.705941	
7.03223e-08	0.518742	0.973186	0.963963	0.0431833	0.995839	0.72403	
7.3614e-08	0.519262	0.975017	0.965814	0.0428534	0.995945	0.741422	
7.70599e-08	0.519752	0.976742	0.967556	0.0425516	0.996042	0.758092	
8.0667e-08	0.520213	0.978364	0.969195	0.0422756	0.996131	0.774024	
8.44429e-08	0.520645	0.979887	0.970734	0.0420231	0.996212	0.789206	
8.83956e-08	0.521051	0.981316	0.972178	0.0417922	0.996287	0.803636	
9.25334e-08	0.521431	0.982656	0.973532	0.0415809	0.996354	0.817314	
9.68648e-08	0.521787	0.983909	0.974798	0.0413876	0.996416	0.830249	
1.01399e-07	0.522119	0.985081	0.975983	0.0412109	0.996473	0.84245	
1.06145e-07	0.522429	0.986176	0.977089	0.0410492	0.996525	0.853934	
1.11114e-07	0.522719	0.987197	0.978121	0.0409013	0.996572	0.864719	
1.16315e-07	0.522989	0.98815	0.979082	0.040766	0.996615	0.874828	
1.2176e-07	0.52324	0.989036	0.979978	0.0406423	0.996655	0.884285	
1.27459e-07	0.523474	0.989861	0.980812	0.0405292	0.996691	0.893116	
1.33425e-07	0.523691	0.990628	0.981586	0.0404258	0.996724	0.901348	
1.39671e-07	0.523893	0.99134	0.982306	0.0403313	0.996754	0.909009	
1.46209e-07	0.52408	0.992001	0.982973	0.0402449	0.996782	0.916129	
1.53053e-07	0.524254	0.992614	0.983592	0.0401659	0.996807	0.922736	
1.60217e-07	0.524414	0.993182	0.984166	0.0400937	0.99683	0.92886	
1.67717e-07	0.524563	0.993708	0.984698	0.0400277	0.996852	0.934529	
1.75567e-07	0.524701	0.994195	0.985189	0.0399675	0.996871	0.939771	
1.83786e-07	0.524829	0.994645	0.985644	0.0399124	0.996888	0.944614	
1.92389e-07	0.524947	0.995061	0.986065	0.039862	0.996905	0.949082	
2.01394e-07	0.525055	0.995446	0.986453	0.039816	0.996919	0.953203	
2.10821e-07	0.525156	0.995801	0.986812	0.039774	0.996933	0.956999	
2.2069e-07	0.525249	0.996129	0.987144	0.0397356	0.996945	0.960494	
2.3102e-07	0.525335	0.996432	0.987449	0.0397005	0.996956	0.96371	
2.41834e-07	0.525414	0.996711	0.987731	0.0396685	0.996966	0.966667	
2.53154e-07	0.525486	0.996969	0.987991	0.0396392	0.996976	0.969385	
2.65004e-07	0.525554	0.997206	0.988231	0.0396124	0.996984	0.971881	
2.77408e-07	0.525616	0.997425	0.988452	0.039588	0.996992	0.974173	
2.90394e-07	0.525673	0.997626	0.988655	0.0395657	0.996999	0.976277	
3.03987e-07	0.525725	0.997811	0.988843	0.0395452	0.997006	0.978207	
3.18216e-07	0.525774	0.997982	0.989015	0.0395266	0.997012	0.979978	
3.33112e-07	0.525818	0.99814	0.989174	0.0395095	0.997017	0.981602	
3.48704e-07	0.525859	0.998284	0.98932	0.039494	0.997022	0.983091	
3.65027e-07	0.525897	0.998418	0.989455	0.0394797	0.997027	0.984455	
3.82114e-07	0.525932	0.99854	0.989579	0.0394667	0.997031	0.985706	
4e-07	0.525964	0.998653	0.989693	0.0394548	0.997035	0.986853	
